1325416760209
1358404798319
1469633706979
1105276615109
1413128016939
1394952583729
1223624396509
1416992816659
1444342229489
1354665975399
1354656577289
1437821826789
1492461204639
981803068407
1421746073779
1128727417089
1417250256669
1460462224829
1436943680229
1068980000959
1047836165177
1494267858389
1421357892719
1492352850549
1476185503579
1408300858779
1487797334879
1433256501779
1433121086749
1433251587079
59662549291
1334081466579
1428763513129
1466409824259
1491605354769
1362260149779
1485898164409
655764989737
1053232078499
1489402265269
1437852618889
1448905448199
1466334850009
1466325441869
1466836911689
1466339634319
1476184691149
1466834785329
1466868135079
1466366324149
1403640649969
1466361810649
1466370677169
1468927976119
1434152441559
1481437783289
1462784781659
1466383706139
1462810418339
1476221782089
1466837192529
1485944111839
1467551208169
1463905794639
1463287725979
1473538526399
1480476397759
1466379413299
1446587124029
1462748132039
1463837129259
1477998576529
1467554778849
1485729871039
1463897339349
1466357487719
1462745945499
1462744370789
1403659225529
1446689089009
1461868681579
1466870080899
1442751993049
1467556834999
1467553745759
1446657334029
1446682449149
1446754344189
1446648567809
1461874328469
1462731783139
1466348149789
1462741773019
1486915156259
1474739829529
1462572847759
1462744751929
1463918241869
1454614624499
1262191050409
1462708212639
1462746346699
1462737339759
1483796939589
1462744320639
1461877417709
1462892945179
1446767784389
1463308548259
1462182771029
1439275504779
1462219069599
1425666048529
1464093475999
1462303331629
1462277634769
1472398687109
1446772277829
1490355616769
1464022995189
1463736006799
1464088611449
1463920227809
1464175330829
1462901480709
1462805824599
1476256656399
1480514301129
1458585942819
1489646375409
1368298099449
1488812701869
1368296454529
1368294368289
1492138489389
1446116175409
1432771962509
1433021669389
1432531894459
1488871858809
1485924733879
985840765267
1301902077159
1305004817539
1305005008109
1488579283709
1441850195749
1478043330389
1301238231579
1429984595419
1459200631369
1488039459079
1496153658869
1496525621419
1495446644169
1488626745669
1468753925529
1468734346969
1470051757379
1496795548779
1380561278949
1469541842209
1492204767629
1433037386399
1433021057559
1414642025379
1433081277679
1301926179249
1446036687659
1475959918849
1400017493009
1440787406919
1474218369829
1458473295889
1492728584379
1330546092179
1244679733589
1490349488439
1458595160389
1446097479489
1482813327579
1492030576619
1491549206829
1333669283729
1448478601489
1448598530199
1383115157669
1485961062539
1486868948049
1482084999129
1476920582219
1372153059739
1274497007859
1468461430669
1468958738129
1495596552549
1490839343609
1482814170099
1446959257089
1418607756989
1440315886589
1422591271789
1468724256789
1440398022259
1444162271229
1440386909019
1495228000199
1383690799429
1440440900509
1412321003139
1440378774689
1447229625769
1475683542199
1464842897539
1440360008559
1407045764759
1490416980309
1377102102459
1447310186729
1362234422829
